

Step Well
23.03807426622079, 72.5535943686572
23.03807147177002, 72.55362757742539
23.038053365390414, 72.55366083012778
23.038014326153977, 72.55368053555972
23.037955794736366, 72.55368055366286
23.037947449573473, 72.55367600902463
23.037911412515975, 72.5536351379112
23.037903346249994, 72.55355962974822
23.037910361105094, 72.55353701228871
23.037922929029488, 72.55352346621929
23.03793964439155, 72.55350841660332
23.037964574707587, 72.55349931519196
23.037997856617597, 72.55349171166085
23.038028484225904, 72.55350088085885
23.038047914864816, 72.55351897762151
23.038065942202454, 72.5535581612823
23.038071499653864, 72.55356722084854
23.038075657187044, 72.55358984285809


Streets

s1

23.036732927102978, 72.5526835932982
23.037726307624517, 72.55248727787259

s2
23.037722502502692, 72.55247502037761
23.037737610190987, 72.55305545707274

s3
23.037752656738355, 72.55307998301568
23.036879547697325, 72.55316675898025

s4
23.036879547697325, 72.55316675898025
23.036575646191203, 72.55085745869569



s5
23.036717405463797, 72.5517601325819
23.037737074190083, 72.55173597527407

s6
23.037756816836822, 72.55306167204954
23.03875388150936, 72.55295919750527


Location points

SEAS
23.037282233154546, 72.55223893048618

SAS
23.037691128470456, 72.55375385691298

GICT Ground
23.03744499011228, 72.55282371845018



























